K1 = 150;
K2 = 700;
B1 = 15;
B2 = 30;
M1 = 5;
M2 = 20;

T = 0.01;

A = [0,0,1,0; 0,0,0,1; -(K1+K2)/M1, K2/M1, -(B1+B2)/M1, B2/M1; K2/M2 -K2/M2, B2/M2, -B2/M2];